Date  area(km2) clim std anomaly mass(ton) clim std anomaly	Observable_area(km2)
1/16/2011     0.388771     0.215615     0.354219     0.173155      1298.49      720.155      1183.09      578.339      16913.6
2/15/2011     0.309378     0.275085     0.530528    0.0342922      1033.32      918.785      1771.96      114.536      16913.6
3/16/2011      0.00000     0.191221     0.340530    -0.191221      0.00000      638.680      1137.37     -638.680      16913.6
4/16/2011      0.00000     0.536388      1.11008    -0.536388      0.00000      1791.54      3707.66     -1791.54      16913.6
5/16/2011      0.00000      1.42329      2.61242     -1.42329      0.00000      4753.78      8725.47     -4753.78      16913.6
6/16/2011   0.00569423      1.15356      1.67385     -1.14787      19.0187      3852.90      5590.65     -3833.88      16913.6
7/16/2011    0.0596104      3.04121      4.72050     -2.98160      199.099      10157.6      15766.5     -9958.54      16913.6
8/16/2011     0.436009      1.17789      1.41940    -0.741881      1456.27      3934.15      4740.81     -2477.88      16913.6
9/16/2011   0.00489212     0.780656      1.12009    -0.775764      16.3397      2607.39      3741.11     -2591.05      16913.6
10/16/2011      0.00000     0.113667     0.201867    -0.113667      0.00000      379.648      674.234     -379.648      16913.6
11/16/2011    0.0360065    0.0787385     0.108732   -0.0427320      120.262      262.987      363.166     -142.725      16913.6
12/16/2011      0.00000     0.105880     0.149746    -0.105880      0.00000      353.640      500.151     -353.640      16913.6
1/16/2012      0.00000     0.215615     0.354219    -0.215615      0.00000      720.155      1183.09     -720.155      16913.6
2/15/2012   0.00499987     0.275085     0.530528    -0.270085      16.6996      918.785      1771.96     -902.085      16913.6
3/16/2012   0.00140302     0.191221     0.340530    -0.189818      4.68608      638.680      1137.37     -633.993      16913.6
4/16/2012      0.00000     0.536388      1.11008    -0.536388      0.00000      1791.54      3707.66     -1791.54      16913.6
5/16/2012    0.0215524      1.42329      2.61242     -1.40174      71.9849      4753.78      8725.47     -4681.80      16913.6
6/16/2012      0.00000      1.15356      1.67385     -1.15356      0.00000      3852.90      5590.65     -3852.90      16913.6
7/16/2012    0.0407636      3.04121      4.72050     -3.00044      136.150      10157.6      15766.5     -10021.5      16913.6
8/16/2012     0.707635      1.17789      1.41940    -0.470254      2363.50      3934.15      4740.81     -1570.65      16913.6
9/16/2012    0.0251287     0.780656      1.12009    -0.755528      83.9297      2607.39      3741.11     -2523.46      16913.6
10/16/2012   0.00749619     0.113667     0.201867    -0.106171      25.0373      379.648      674.234     -354.610      16913.6
11/16/2012      0.00000    0.0787385     0.108732   -0.0787385      0.00000      262.987      363.166     -262.987      16913.6
12/16/2012    0.0325750     0.105880     0.149746   -0.0733053      108.800      353.640      500.151     -244.840      16913.6
1/16/2013      0.00000     0.215615     0.354219    -0.215615      0.00000      720.155      1183.09     -720.155      16913.6
2/15/2013    0.0291370     0.275085     0.530528    -0.245948      97.3176      918.785      1771.96     -821.467      16913.6
3/16/2013      0.00000     0.191221     0.340530    -0.191221      0.00000      638.680      1137.37     -638.680      16913.6
4/16/2013      0.00000     0.536388      1.11008    -0.536388      0.00000      1791.54      3707.66     -1791.54      16913.6
5/16/2013      0.00000      1.42329      2.61242     -1.42329      0.00000      4753.78      8725.47     -4753.78      16913.6
6/16/2013      0.00000      1.15356      1.67385     -1.15356      0.00000      3852.90      5590.65     -3852.90      16913.6
7/16/2013      0.00000      3.04121      4.72050     -3.04121      0.00000      10157.6      15766.5     -10157.6      16913.6
8/16/2013      0.00000      1.17789      1.41940     -1.17789      0.00000      3934.15      4740.81     -3934.15      16913.6
9/16/2013    0.0650951     0.780656      1.12009    -0.715561      217.418      2607.39      3741.11     -2389.97      16913.6
10/16/2013      0.00000     0.113667     0.201867    -0.113667      0.00000      379.648      674.234     -379.648      16913.6
11/16/2013    0.0139290    0.0787385     0.108732   -0.0648095      46.5229      262.987      363.166     -216.464      16913.6
12/16/2013      0.00000     0.105880     0.149746    -0.105880      0.00000      353.640      500.151     -353.640      16913.6
1/16/2014      0.00000     0.215615     0.354219    -0.215615      0.00000      720.155      1183.09     -720.155      16913.6
2/15/2014   0.00719654     0.275085     0.530528    -0.267889      24.0365      918.785      1771.96     -894.749      16913.6
3/16/2014      0.00000     0.191221     0.340530    -0.191221      0.00000      638.680      1137.37     -638.680      16913.6
4/16/2014    0.0116884     0.536388      1.11008    -0.524699      39.0391      1791.54      3707.66     -1752.50      16913.6
5/16/2014      0.00000      1.42329      2.61242     -1.42329      0.00000      4753.78      8725.47     -4753.78      16913.6
6/16/2014      0.00000      1.15356      1.67385     -1.15356      0.00000      3852.90      5590.65     -3852.90      16913.6
7/16/2014    0.0311354      3.04121      4.72050     -3.01007      103.992      10157.6      15766.5     -10053.6      16913.6
8/16/2014     0.406758      1.17789      1.41940    -0.771132      1358.57      3934.15      4740.81     -2575.58      16913.6
9/16/2014     0.603927     0.780656      1.12009    -0.176729      2017.12      2607.39      3741.11     -590.275      16913.6
10/16/2014     0.186198     0.113667     0.201867    0.0725310      621.901      379.648      674.234      242.253      16913.6
11/16/2014     0.238806    0.0787385     0.108732     0.160067      797.611      262.987      363.166      534.624      16913.6
12/16/2014     0.186992     0.105880     0.149746    0.0811112      624.552      353.640      500.151      270.912      16913.6
1/16/2015     0.613204     0.215615     0.354219     0.397589      2048.10      720.155      1183.09      1327.95      16913.6
2/15/2015     0.118274     0.275085     0.530528    -0.156812      395.034      918.785      1771.96     -523.751      16913.6
3/16/2015     0.219019     0.191221     0.340530    0.0277971      731.522      638.680      1137.37      92.8423      16913.6
4/16/2015    0.0308648     0.536388      1.11008    -0.505523      103.088      1791.54      3707.66     -1688.45      16913.6
5/16/2015    0.0235421      1.42329      2.61242     -1.39975      78.6306      4753.78      8725.47     -4675.15      16913.6
6/16/2015      2.82484      1.15356      1.67385      1.67128      9434.96      3852.90      5590.65      5582.06      16913.6
7/16/2015      3.34572      3.04121      4.72050     0.304514      11174.7      10157.6      15766.5      1017.08      16913.6
8/16/2015      2.30149      1.17789      1.41940      1.12360      7686.96      3934.15      4740.81      3752.81      16913.6
9/16/2015     0.509698     0.780656      1.12009    -0.270959      1702.39      2607.39      3741.11     -905.002      16913.6
10/16/2015     0.599566     0.113667     0.201867     0.485899      2002.55      379.648      674.234      1622.90      16913.6
11/16/2015     0.332291    0.0787385     0.108732     0.253553      1109.85      262.987      363.166      846.867      16913.6
12/16/2015     0.382116     0.105880     0.149746     0.276236      1276.27      353.640      500.151      922.628      16913.6
1/16/2016    0.0674711     0.215615     0.354219    -0.148144      225.354      720.155      1183.09     -494.802      16913.6
2/15/2016      0.00000     0.275085     0.530528    -0.275085      0.00000      918.785      1771.96     -918.785      16913.6
3/16/2016      0.00000     0.191221     0.340530    -0.191221      0.00000      638.680      1137.37     -638.680      16913.6
4/16/2016      0.00000     0.536388      1.11008    -0.536388      0.00000      1791.54      3707.66     -1791.54      16913.6
5/16/2016      0.00000      1.42329      2.61242     -1.42329      0.00000      4753.78      8725.47     -4753.78      16913.6
6/16/2016      0.00000      1.15356      1.67385     -1.15356      0.00000      3852.90      5590.65     -3852.90      16913.6
7/16/2016    0.0180569      3.04121      4.72050     -3.02315      60.3100      10157.6      15766.5     -10097.3      16913.6
8/16/2016      0.00000      1.17789      1.41940     -1.17789      0.00000      3934.15      4740.81     -3934.15      16913.6
9/16/2016     0.124908     0.780656      1.12009    -0.655748      417.192      2607.39      3741.11     -2190.20      16913.6
10/16/2016    0.0359520     0.113667     0.201867   -0.0777150      120.080      379.648      674.234     -259.568      16913.6
11/16/2016     0.148967    0.0787385     0.108732    0.0702280      497.548      262.987      363.166      234.562      16913.6
12/16/2016      0.00000     0.105880     0.149746    -0.105880      0.00000      353.640      500.151     -353.640      16913.6
1/16/2017    0.0887024     0.215615     0.354219    -0.126913      296.266      720.155      1183.09     -423.889      16913.6
2/15/2017     0.118930     0.275085     0.530528    -0.156156      397.225      918.785      1771.96     -521.560      16913.6
3/16/2017    0.0487861     0.191221     0.340530    -0.142435      162.946      638.680      1137.37     -475.734      16913.6
4/16/2017     0.127968     0.536388      1.11008    -0.408420      427.411      1791.54      3707.66     -1364.12      16913.6
5/16/2017      0.00000      1.42329      2.61242     -1.42329      0.00000      4753.78      8725.47     -4753.78      16913.6
6/16/2017      0.00000      1.15356      1.67385     -1.15356      0.00000      3852.90      5590.65     -3852.90      16913.6
7/16/2017      1.81083      3.04121      4.72050     -1.23038      6048.18      10157.6      15766.5     -4109.45      16913.6
8/16/2017     0.583743      1.17789      1.41940    -0.594147      1949.70      3934.15      4740.81     -1984.45      16913.6
9/16/2017     0.398548     0.780656      1.12009    -0.382108      1331.15      2607.39      3741.11     -1276.24      16913.6
10/16/2017      0.00000     0.113667     0.201867    -0.113667      0.00000      379.648      674.234     -379.648      16913.6
11/16/2017   0.00329886    0.0787385     0.108732   -0.0754396      11.0182      262.987      363.166     -251.968      16913.6
12/16/2017    0.0652122     0.105880     0.149746   -0.0406681      217.809      353.640      500.151     -135.831      16913.6
1/16/2018    0.0235802     0.215615     0.354219    -0.192035      78.7579      720.155      1183.09     -641.398      16913.6
2/15/2018     0.286046     0.275085     0.530528    0.0109605      955.393      918.785      1771.96      36.6079      16913.6
3/16/2018     0.184209     0.191221     0.340530  -0.00701202      615.259      638.680      1137.37     -23.4202      16913.6
4/16/2018      1.15590     0.536388      1.11008     0.619513      3860.71      1791.54      3707.66      2069.17      16913.6
5/16/2018      9.54818      1.42329      2.61242      8.12489      31890.9      4753.78      8725.47      27137.1      16913.6
6/16/2018      5.72404      1.15356      1.67385      4.57048      19118.3      3852.90      5590.65      15265.4      16913.6
7/16/2018      17.4541      3.04121      4.72050      14.4129      58296.6      10157.6      15766.5      48139.0      16913.6
8/16/2018      4.34334      1.17789      1.41940      3.16545      14506.7      3934.15      4740.81      10572.6      16913.6
9/16/2018      2.35251     0.780656      1.12009      1.57185      7857.38      2607.39      3741.11      5249.99      16913.6
10/16/2018     0.489254     0.113667     0.201867     0.375588      1634.11      379.648      674.234      1254.46      16913.6
11/16/2018     0.147009    0.0787385     0.108732    0.0682704      491.010      262.987      363.166      228.023      16913.6
12/16/2018     0.123350     0.105880     0.149746    0.0174694      411.988      353.640      500.151      58.3478      16913.6
1/16/2019      1.19186     0.215615     0.354219     0.976249      3980.83      720.155      1183.09      3260.67      16913.6
2/15/2019      1.15315     0.275085     0.530528     0.878062      3851.51      918.785      1771.96      2932.73      16913.6
3/16/2019     0.256656     0.191221     0.340530    0.0654349      857.232      638.680      1137.37      218.553      16913.6
4/16/2019      1.10102     0.536388      1.11008     0.564628      3677.39      1791.54      3707.66      1885.86      16913.6
5/16/2019      1.20435      1.42329      2.61242    -0.218934      4022.54      4753.78      8725.47     -731.240      16866.0
6/16/2019      1.15753      1.15356      1.67385   0.00397134      3866.16      3852.90      5590.65      13.2642      16913.6
7/16/2019      4.95415      3.04121      4.72050      1.91294      16546.9      10157.6      15766.5      6389.23      16913.6
8/16/2019     0.602809      1.17789      1.41940    -0.575081      2013.38      3934.15      4740.81     -1920.77      16913.6
9/16/2019     0.115152     0.780656      1.12009    -0.665504      384.608      2607.39      3741.11     -2222.78      16913.6
10/16/2019      0.00000     0.113667     0.201867    -0.113667      0.00000      379.648      674.234     -379.648      16913.6
11/16/2019   0.00381206    0.0787385     0.108732   -0.0749265      12.7323      262.987      363.166     -250.254      16913.6
12/16/2019     0.119431     0.105880     0.149746    0.0135509      398.900      353.640      500.151      45.2599      16913.6
1/16/2020      0.00000     0.215615     0.354219    -0.215615      0.00000      720.155      1183.09     -720.155      16913.6
2/15/2020  0.000220417     0.275085     0.530528    -0.274865     0.736192      918.785      1771.96     -918.049      16913.6
3/16/2020      0.00000     0.191221     0.340530    -0.191221      0.00000      638.680      1137.37     -638.680      16913.6
4/16/2020    0.0256330     0.536388      1.11008    -0.510755      85.6143      1791.54      3707.66     -1705.92      16913.6
5/16/2020     0.675039      1.42329      2.61242    -0.748250      2254.63      4753.78      8725.47     -2499.15      16913.6
6/16/2020      1.72090      1.15356      1.67385     0.567336      5747.80      3852.90      5590.65      1894.90      16866.0
7/16/2020      4.73027      3.04121      4.72050      1.68906      15799.1      10157.6      15766.5      5641.46      16913.6
8/16/2020     0.256520      1.17789      1.41940    -0.921369      856.778      3934.15      4740.81     -3077.37      16913.6
9/16/2020     0.287980     0.780656      1.12009    -0.492676      961.854      2607.39      3741.11     -1645.54      16913.6
10/16/2020    0.0109618     0.113667     0.201867    -0.102705      36.6125      379.648      674.234     -343.035      16913.6
11/16/2020      0.00000    0.0787385     0.108732   -0.0787385      0.00000      262.987      363.166     -262.987      16913.6
12/16/2020   0.00787950     0.105880     0.149746   -0.0980008      26.3175      353.640      500.151     -327.323      16913.6
1/16/2021   0.00119255     0.215615     0.354219    -0.214423      3.98312      720.155      1183.09     -716.172      16913.6
2/15/2021   0.00884130     0.275085     0.530528    -0.266244      29.5299      918.785      1771.96     -889.255      16913.6
3/16/2021    0.0134489     0.191221     0.340530    -0.177773      44.9192      638.680      1137.37     -593.760      16913.6
4/16/2021     0.113053     0.536388      1.11008    -0.423334      377.598      1791.54      3707.66     -1413.94      16913.6
5/16/2021      2.35553      1.42329      2.61242     0.932244      7867.48      4753.78      8725.47      3113.70      16913.6
6/16/2021     0.680991      1.15356      1.67385    -0.472572      2274.51      3852.90      5590.65     -1578.39      16866.0
7/16/2021      6.47376      3.04121      4.72050      3.43255      21622.4      10157.6      15766.5      11464.7      16913.6
8/16/2021      2.88800      1.17789      1.41940      1.71011      9645.91      3934.15      4740.81      5711.76      16913.6
9/16/2021      3.37956     0.780656      1.12009      2.59891      11287.7      2607.39      3741.11      8680.35      16913.6
10/16/2021     0.148242     0.113667     0.201867    0.0345750      495.128      379.648      674.234      115.480      16913.6
11/16/2021  0.000970439    0.0787385     0.108732   -0.0777681      3.24126      262.987      363.166     -259.745      16913.6
12/16/2021     0.445894     0.105880     0.149746     0.340014      1489.29      353.640      500.151      1135.65      16913.6
1/16/2022     0.560712     0.215615     0.354219     0.345096      1872.78      720.155      1183.09      1152.62      16913.6
2/15/2022    0.0314982     0.275085     0.530528    -0.243587      105.204      918.785      1771.96     -813.581      16913.6
3/16/2022     0.974452     0.191221     0.340530     0.783230      3254.67      638.680      1137.37      2615.99      16913.6
4/16/2022      4.09186     0.536388      1.11008      3.55548      13666.8      1791.54      3707.66      11875.3      16913.6
5/16/2022      2.07717      1.42329      2.61242     0.653882      6937.75      4753.78      8725.47      2183.96      16913.6
6/16/2022      2.86759      1.15356      1.67385      1.71402      9577.74      3852.90      5590.65      5724.84      16913.6
7/16/2022      3.33274      3.04121      4.72050     0.291529      11131.3      10157.6      15766.5      973.707      16913.6
8/16/2022      3.34195      1.17789      1.41940      2.16406      11162.1      3934.15      4740.81      7227.95      16913.6
9/16/2022      2.26312     0.780656      1.12009      1.48247      7558.83      2607.39      3741.11      4951.44      16913.6
10/16/2022      0.00000     0.113667     0.201867    -0.113667      0.00000      379.648      674.234     -379.648      16913.6
11/16/2022    0.0985111    0.0787385     0.108732    0.0197726      329.027      262.987      363.166      66.0404      16913.6
12/16/2022    0.0129943     0.105880     0.149746   -0.0928859      43.4010      353.640      500.151     -310.239      16913.6
1/16/2023    0.0831187     0.215615     0.354219    -0.132497      277.617      720.155      1183.09     -442.539      16913.6
2/15/2023      1.78353     0.275085     0.530528      1.50844      5956.98      918.785      1771.96      5038.20      16913.6
3/16/2023     0.958697     0.191221     0.340530     0.767475      3202.05      638.680      1137.37      2563.37      16913.6
4/16/2023     0.851441     0.536388      1.11008     0.315054      2843.81      1791.54      3707.66      1052.28      16913.6
5/16/2023      3.75115      1.42329      2.61242      2.32786      12528.8      4753.78      8725.47      7775.04      16913.6
6/16/2023      1.14889      1.15356      1.67385  -0.00466979      3837.30      3852.90      5590.65     -15.5972      16913.6
7/16/2023     0.325797      3.04121      4.72050     -2.71541      1088.16      10157.6      15766.5     -9069.47      16913.6
8/16/2023     0.560830      1.17789      1.41940    -0.617060      1873.17      3934.15      4740.81     -2060.98      16913.6
9/16/2023    0.0180055     0.780656      1.12009    -0.762651      60.1383      2607.39      3741.11     -2547.25      16913.6
10/16/2023      0.00000     0.113667     0.201867    -0.113667      0.00000      379.648      674.234     -379.648      16698.2
11/16/2023      0.00000    0.0787385     0.108732   -0.0787385      0.00000      262.987      363.166     -262.987      16698.2
12/16/2023      0.00000     0.105880     0.149746    -0.105880      0.00000      353.640      500.151     -353.640      16698.2
1/16/2024      0.00000     0.215615     0.354219    -0.215615      0.00000      720.155      1183.09     -720.155      16698.2
2/15/2024      0.00000     0.275085     0.530528    -0.275085      0.00000      918.785      1771.96     -918.785      16698.2
3/16/2024    0.0204291     0.191221     0.340530    -0.170792      68.2332      638.680      1137.37     -570.446      16698.2
4/16/2024      0.00000     0.536388      1.11008    -0.536388      0.00000      1791.54      3707.66     -1791.54      16698.2
5/16/2024     0.269518      1.42329      2.61242     -1.15377      900.191      4753.78      8725.47     -3853.59      16698.2
6/16/2024    0.0194068      1.15356      1.67385     -1.13416      64.8188      3852.90      5590.65     -3788.08      16698.2
7/16/2024      0.00000      3.04121      4.72050     -3.04121      0.00000      10157.6      15766.5     -10157.6      16698.2
8/16/2024    0.0613842      1.17789      1.41940     -1.11651      205.023      3934.15      4740.81     -3729.13      16698.2
